1714388978.2509956 ##########################################################################################
1714388978.3161032 ### CosmicWatch: The Desktop Muon Detector
1714388978.3500485 ### Questions? info@ukraa.com
1714388978.4486763 ### Comp_date Comp_time Event Ardn_time[ms] ADC[0-1023] SiPM[mV] Deadtime[ms] Temp[C] Name
1714388978.5172336 ##########################################################################################
1714388978.5258017 28/317
Time Item Time_el AD_Val mV t_Delta Temp
1714388980.5362818 1 962 79 20.03 726 23.15
1714388980.7626839 2 1002 143 25.74 730 23.15
1714388982.071526 3 2493 255 43.96 1098 22.94
1714388982.1877139 4 2611 67 18.51 1102 22.94
1714388982.2478333 5 2670 63 17.91 1107 23.05
1714388982.406781 6 2828 184 31.36 1112 23.15
1714388982.4557455 7 2878 110 22.78 1116 23.15
1714388982.9595447 8 3380 236 40.44 1302 22.94
1714388982.988173 9 3400 193 32.84 1306 23.05
1714388983.2998984 10 3722 366 72.41 1310 23.15
1714388983.8800702 11 4301 332 61.17 1498 22.94
1714388983.90993 12 4325 67 18.51 1502 23.05
1714388984.0136304 13 4435 110 22.78 1507 23.05
1714388984.3304665 14 4752 103 22.23 1511 23.15
1714388984.5029488 15 4925 124 23.92 1515 23.15
1714388985.0042875 16 5428 50 15.67 1703 23.05
1714388985.1293967 17 5553 92 21.32 1707 22.94
1714388985.1633682 18 5584 113 23.02 1711 22.94
1714388985.4549053 19 5877 135 24.92 1715 23.05
1714388986.0464244 20 6469 207 35.26 1903 23.05
1714388987.8687806 21 8292 207 35.26 2273 22.94
1714388987.9988136 22 8422 391 82.35 2277 22.83
1714388988.8352458 23 9258 263 45.37 2466 23.05
1714388989.0840049 24 9507 268 46.26 2471 22.94
1714388989.230121 25 9654 103 22.23 2476 22.94
1714388989.829347 26 10252 391 82.35 2663 22.62
1714388990.5496004 27 10975 76 19.69 2667 23.15
1714388991.3664453 28 11791 428 101.58 2853 22.72
1714388992.2385464 29 12662 472 125.87 3042 22.83
1714388992.5260334 30 12949 127 24.18 3047 22.94
